0 1.9908e+01 2.9697e+01 3.0288e-07 2.9697e+01 2.0705e-10
1 1.7364e+01 2.9462e+01 3.1248e-05 2.9462e+01 4.4649e-06
2 1.6055e+01 2.7802e+01 1.2783e-03 2.7799e+01 2.3306e-03
3 1.5192e+01 2.4142e+01 1.3064e-02 2.4017e+01 1.1151e-01
4 1.4583e+01 1.9879e+01 3.8129e-02 1.8605e+01 1.2357e+00
5 1.3993e+01 1.6278e+01 1.1428e-01 1.4212e+01 1.9517e+00
6 1.3437e+01 1.4954e+01 1.6845e-01 1.1097e+01 3.6890e+00
7 1.3066e+01 1.4375e+01 1.9849e-01 9.4574e+00 4.7194e+00
8 1.2637e+01 1.3802e+01 1.6779e-01 8.2179e+00 5.4166e+00
9 1.2277e+01 1.3547e+01 2.0064e-01 7.1815e+00 6.1653e+00
10 1.1946e+01 1.3348e+01 2.2133e-01 6.9426e+00 6.1845e+00
11 1.1628e+01 1.4300e+01 1.6684e-01 5.5111e+00 8.6222e+00
12 1.1371e+01 1.3476e+01 1.7337e-01 5.3886e+00 7.9138e+00
13 1.1234e+01 1.2833e+01 1.8676e-01 5.7618e+00 6.8848e+00
14 1.0987e+01 1.2338e+01 2.3349e-01 5.7843e+00 6.3198e+00
15 1.0661e+01 1.1991e+01 1.2288e-01 5.6912e+00 6.1764e+00
16 1.0369e+01 1.1710e+01 1.4277e-01 5.1687e+00 6.3980e+00
17 1.0210e+01 1.1390e+01 1.3006e-01 5.6231e+00 5.6368e+00
18 9.9187e+00 1.1354e+01 1.0508e-01 5.8079e+00 5.4407e+00
19 9.7007e+00 1.1866e+01 1.3381e-01 4.5927e+00 7.1392e+00
20 9.5161e+00 1.1780e+01 1.2461e-01 4.9500e+00 6.7049e+00
21 9.4467e+00 1.1030e+01 1.8423e-01 4.7317e+00 6.1138e+00
22 9.2557e+00 1.2379e+01 1.2636e-01 4.1509e+00 8.1020e+00
23 9.2643e+00 1.5459e+01 1.2907e-01 3.4003e+00 1.1929e+01
24 9.1404e+00 1.1900e+01 1.4166e-01 4.2980e+00 7.4599e+00
25 9.1084e+00 1.0934e+01 9.7141e-02 5.0407e+00 5.7961e+00
26 9.0125e+00 1.1136e+01 2.0285e-01 4.7026e+00 6.2301e+00
27 8.8954e+00 1.0885e+01 1.3953e-01 4.6372e+00 6.1087e+00
28 8.7529e+00 1.0541e+01 1.1944e-01 3.7090e+00 6.7129e+00
29 8.6609e+00 1.0291e+01 1.0974e-01 3.7228e+00 6.4585e+00
30 8.5244e+00 1.0272e+01 1.3892e-01 3.6001e+00 6.5329e+00
31 8.4758e+00 1.0244e+01 1.0105e-01 3.6665e+00 6.4768e+00
32 8.3050e+00 1.0337e+01 1.1817e-01 3.7541e+00 6.4651e+00
33 8.2973e+00 1.0299e+01 1.1738e-01 3.8055e+00 6.3757e+00
34 8.2500e+00 1.0194e+01 1.3221e-01 3.7454e+00 6.3164e+00
35 8.1322e+00 9.9156e+00 1.1272e-01 3.9706e+00 5.8322e+00
36 8.0701e+00 9.9134e+00 8.4123e-02 4.2395e+00 5.5897e+00
37 7.9677e+00 9.9968e+00 1.0892e-01 3.6596e+00 6.2283e+00
38 7.9417e+00 1.0356e+01 1.0320e-01 3.3124e+00 6.9405e+00
39 7.8227e+00 9.8040e+00 9.1873e-02 4.4399e+00 5.2722e+00
40 7.6978e+00 9.6347e+00 9.8923e-02 3.9613e+00 5.5745e+00
41 7.6072e+00 9.6488e+00 1.1888e-01 4.0030e+00 5.5269e+00
42 7.5601e+00 9.3207e+00 8.9774e-02 3.8032e+00 5.4278e+00
43 7.5097e+00 9.6822e+00 8.3203e-02 3.9449e+00 5.6541e+00
44 7.5212e+00 9.4158e+00 1.0238e-01 3.7273e+00 5.5861e+00
45 7.4406e+00 9.7292e+00 1.1057e-01 3.0448e+00 6.5739e+00
46 7.5239e+00 1.0396e+01 8.8699e-02 2.8445e+00 7.4626e+00
47 7.2579e+00 9.7484e+00 8.0617e-02 3.6538e+00 6.0140e+00
48 7.2060e+00 9.6648e+00 9.3590e-02 3.0342e+00 6.5370e+00
49 7.2629e+00 9.6922e+00 9.2152e-02 3.1334e+00 6.4666e+00
50 7.3426e+00 9.3494e+00 1.0333e-01 3.6805e+00 5.5655e+00
51 6.9886e+00 8.7793e+00 9.4721e-02 3.3203e+00 5.3643e+00
52 6.9647e+00 8.7758e+00 8.9463e-02 3.0070e+00 5.6794e+00
53 6.9514e+00 9.8704e+00 8.0490e-02 2.6085e+00 7.1814e+00
54 6.8681e+00 8.7660e+00 7.8846e-02 2.2217e+00 6.4654e+00
55 6.8332e+00 9.1775e+00 9.4213e-02 2.1105e+00 6.9728e+00
56 6.7701e+00 9.2370e+00 8.4550e-02 2.4574e+00 6.6951e+00
57 6.8048e+00 9.4664e+00 1.0051e-01 2.7243e+00 6.6415e+00
58 6.6417e+00 8.9324e+00 8.2758e-02 2.9369e+00 5.9127e+00
59 6.6072e+00 8.2346e+00 7.0676e-02 2.0910e+00 6.0729e+00
60 6.4182e+00 8.2918e+00 9.3746e-02 1.9517e+00 6.2463e+00
61 6.5048e+00 8.4819e+00 8.9645e-02 2.7342e+00 5.6581e+00
62 6.4984e+00 8.5155e+00 7.2053e-02 2.9013e+00 5.5421e+00
63 6.4014e+00 8.6734e+00 8.6184e-02 2.7646e+00 5.8226e+00
64 6.4429e+00 8.8584e+00 9.7601e-02 2.3631e+00 6.3976e+00
65 6.2978e+00 8.5874e+00 8.9286e-02 2.7335e+00 5.7646e+00
66 6.1188e+00 9.2556e+00 9.2943e-02 2.8018e+00 6.3608e+00
67 6.3387e+00 8.7076e+00 9.7769e-02 2.4352e+00 6.1746e+00
68 6.2242e+00 8.6793e+00 7.0615e-02 1.9101e+00 6.6986e+00
69 6.2541e+00 8.7246e+00 8.3257e-02 1.9653e+00 6.6760e+00
70 6.1808e+00 7.9872e+00 7.7779e-02 2.2369e+00 5.6725e+00
71 6.1706e+00 7.7184e+00 7.4660e-02 2.4405e+00 5.2032e+00
72 6.2003e+00 7.9186e+00 8.5916e-02 2.4405e+00 5.3922e+00
73 6.0617e+00 8.1133e+00 9.1098e-02 2.5171e+00 5.5051e+00
74 5.9842e+00 7.8096e+00 6.6540e-02 2.2359e+00 5.5071e+00
75 5.9496e+00 7.8967e+00 6.6730e-02 2.2466e+00 5.5834e+00
76 6.0210e+00 7.9476e+00 5.9060e-02 2.3905e+00 5.4980e+00
77 5.9363e+00 8.1128e+00 8.0935e-02 2.4620e+00 5.5699e+00
78 6.0552e+00 8.5853e+00 6.3714e-02 2.3792e+00 6.1425e+00
79 5.9312e+00 7.9831e+00 7.0853e-02 2.6224e+00 5.2898e+00
80 5.9683e+00 8.0144e+00 9.4327e-02 2.4065e+00 5.5135e+00
81 5.7858e+00 8.2955e+00 6.8414e-02 1.9698e+00 6.2573e+00
82 5.7316e+00 8.1807e+00 5.3545e-02 2.0714e+00 6.0558e+00
83 5.6423e+00 8.1695e+00 7.4090e-02 1.8759e+00 6.2195e+00
84 5.7458e+00 7.6312e+00 6.9316e-02 1.9491e+00 5.6128e+00
85 5.5920e+00 7.7194e+00 8.2069e-02 1.6673e+00 5.9701e+00
86 5.6415e+00 7.6721e+00 7.5862e-02 1.6929e+00 5.9034e+00
87 5.6093e+00 7.6381e+00 7.1746e-02 1.7326e+00 5.8338e+00
88 5.5455e+00 7.5550e+00 8.9501e-02 1.8751e+00 5.5904e+00
89 5.5910e+00 7.5187e+00 6.6000e-02 1.9063e+00 5.5464e+00
90 5.4904e+00 7.4635e+00 9.0681e-02 1.8005e+00 5.5723e+00
91 5.4668e+00 7.5397e+00 7.5066e-02 1.8622e+00 5.6024e+00
92 5.4120e+00 7.4244e+00 6.0834e-02 2.1846e+00 5.1790e+00
93 5.4837e+00 7.4398e+00 5.9352e-02 1.9786e+00 5.4018e+00
94 5.5054e+00 7.7175e+00 8.0888e-02 1.4854e+00 6.1513e+00
95 5.3170e+00 7.9302e+00 7.6946e-02 1.4152e+00 6.4380e+00
96 5.3740e+00 7.6419e+00 8.1949e-02 1.9818e+00 5.5782e+00
97 5.4387e+00 7.4935e+00 6.4340e-02 1.8315e+00 5.5977e+00
98 5.2830e+00 7.6206e+00 8.6121e-02 1.7688e+00 5.7656e+00
99 5.3207e+00 7.5608e+00 4.5143e-02 1.7992e+00 5.7164e+00
100 5.2880e+00 7.4304e+00 7.9110e-02 1.8213e+00 5.5300e+00
101 5.4349e+00 7.2508e+00 9.1412e-02 1.6610e+00 5.4983e+00
102 5.2867e+00 7.2590e+00 6.4261e-02 1.8326e+00 5.3621e+00
103 5.2302e+00 7.5667e+00 7.0977e-02 2.1283e+00 5.3674e+00
104 5.3696e+00 7.5637e+00 5.9293e-02 2.0350e+00 5.4694e+00
105 5.2119e+00 7.6176e+00 9.1518e-02 1.8472e+00 5.6789e+00
106 5.2892e+00 7.5882e+00 6.5010e-02 1.8761e+00 5.6471e+00
107 5.4278e+00 7.5946e+00 8.2506e-02 1.6740e+00 5.8381e+00
108 5.3953e+00 7.7141e+00 8.8157e-02 1.7792e+00 5.8468e+00
109 5.3069e+00 7.7064e+00 8.6433e-02 1.6888e+00 5.9312e+00
110 5.3064e+00 7.6581e+00 7.2778e-02 1.7000e+00 5.8853e+00
111 5.3501e+00 7.6562e+00 7.3174e-02 1.5766e+00 6.0064e+00
112 5.1833e+00 7.7113e+00 6.8090e-02 1.7209e+00 5.9223e+00
113 5.2665e+00 7.6178e+00 8.1841e-02 1.7820e+00 5.7539e+00
114 5.3211e+00 7.6044e+00 7.5447e-02 1.9141e+00 5.6148e+00
115 5.3432e+00 7.6219e+00 8.7065e-02 1.4984e+00 6.0365e+00
116 5.1645e+00 7.4400e+00 7.5945e-02 1.6829e+00 5.6811e+00
117 5.2724e+00 7.5034e+00 7.0011e-02 1.6737e+00 5.7597e+00
118 5.2202e+00 7.5135e+00 9.0771e-02 1.4918e+00 5.9309e+00
119 5.2080e+00 7.8463e+00 6.9343e-02 1.4341e+00 6.3429e+00
120 5.1892e+00 7.6147e+00 6.8293e-02 1.5186e+00 6.0278e+00
121 5.1845e+00 7.6278e+00 8.0393e-02 1.5237e+00 6.0237e+00
122 5.2189e+00 7.2923e+00 9.1674e-02 1.7124e+00 5.4882e+00
123 5.3123e+00 7.4808e+00 7.7304e-02 1.4793e+00 5.9242e+00
124 5.2971e+00 7.5330e+00 6.7990e-02 1.6158e+00 5.8492e+00
125 5.3774e+00 7.5484e+00 8.1767e-02 1.5479e+00 5.9186e+00
126 5.2155e+00 7.3677e+00 6.4132e-02 1.5581e+00 5.7454e+00
127 5.1740e+00 7.7879e+00 7.2804e-02 1.5323e+00 6.1827e+00
128 5.3550e+00 7.6197e+00 7.3443e-02 1.3703e+00 6.1759e+00
129 5.4448e+00 7.6898e+00 9.7034e-02 1.8351e+00 5.7577e+00
130 5.3355e+00 7.4588e+00 7.2565e-02 1.8146e+00 5.5716e+00
131 5.3523e+00 7.5676e+00 6.0459e-02 1.5752e+00 5.9319e+00
132 5.2863e+00 7.7085e+00 9.0466e-02 1.5906e+00 6.0275e+00
133 5.3188e+00 7.8319e+00 6.4551e-02 1.5922e+00 6.1752e+00
134 5.2010e+00 7.6703e+00 6.9005e-02 1.5313e+00 6.0700e+00
135 5.2695e+00 7.4282e+00 7.4186e-02 1.4169e+00 5.9372e+00
136 5.1258e+00 7.4392e+00 8.3912e-02 1.7550e+00 5.6004e+00
137 5.2409e+00 7.4120e+00 6.5965e-02 1.6602e+00 5.6858e+00
138 5.1954e+00 7.6230e+00 7.2951e-02 1.7387e+00 5.8114e+00
139 5.2386e+00 7.5406e+00 5.4697e-02 1.7085e+00 5.7774e+00
140 5.2299e+00 7.4740e+00 6.8020e-02 1.5877e+00 5.8183e+00
141 5.2882e+00 7.3704e+00 6.6907e-02 1.7751e+00 5.5284e+00
142 5.2021e+00 7.4583e+00 7.4298e-02 1.5991e+00 5.7850e+00
143 5.3332e+00 7.4887e+00 7.5566e-02 1.6764e+00 5.7367e+00
144 5.2082e+00 7.4164e+00 7.3782e-02 1.7646e+00 5.5780e+00
145 5.2572e+00 7.7382e+00 7.3956e-02 1.5503e+00 6.1139e+00
146 5.2218e+00 7.7055e+00 8.0579e-02 1.6965e+00 5.9284e+00
147 5.2833e+00 7.5045e+00 8.8329e-02 1.4675e+00 5.9486e+00
148 5.3253e+00 7.3590e+00 6.6645e-02 1.8409e+00 5.4514e+00
149 5.3184e+00 7.5762e+00 8.0776e-02 1.8233e+00 5.6721e+00
150 5.3371e+00 7.6291e+00 8.7033e-02 1.9518e+00 5.5903e+00
151 5.1587e+00 7.6688e+00 8.4639e-02 1.5878e+00 5.9963e+00
152 5.3648e+00 7.5377e+00 5.5859e-02 1.7980e+00 5.6839e+00
153 5.3003e+00 7.5350e+00 6.9008e-02 1.4777e+00 5.9883e+00
154 5.2450e+00 7.5741e+00 8.0502e-02 1.6875e+00 5.8061e+00
155 5.2220e+00 7.3486e+00 6.4254e-02 1.7576e+00 5.5268e+00
156 5.2231e+00 7.3768e+00 7.6736e-02 1.7097e+00 5.5904e+00
157 5.2354e+00 7.3383e+00 7.3079e-02 1.6222e+00 5.6431e+00
158 5.3112e+00 7.6677e+00 8.9581e-02 1.5781e+00 6.0000e+00
159 5.1974e+00 7.6576e+00 5.6857e-02 1.5586e+00 6.0422e+00
160 5.2315e+00 7.3885e+00 7.9286e-02 1.7001e+00 5.6092e+00
161 5.4540e+00 7.5469e+00 6.8033e-02 1.7052e+00 5.7737e+00
162 5.1847e+00 7.5648e+00 7.5942e-02 1.7600e+00 5.7288e+00
163 5.3267e+00 7.2681e+00 9.6981e-02 1.7130e+00 5.4581e+00
164 5.1769e+00 7.4433e+00 7.9064e-02 1.9970e+00 5.3672e+00
165 5.2486e+00 7.7298e+00 5.2623e-02 1.5128e+00 6.1643e+00
166 5.2710e+00 7.4976e+00 8.6444e-02 1.5967e+00 5.8144e+00
167 5.1551e+00 7.4192e+00 7.4500e-02 1.9364e+00 5.4084e+00
168 5.2138e+00 7.2673e+00 6.1698e-02 1.8431e+00 5.3625e+00
169 5.2588e+00 7.4613e+00 8.1077e-02 1.7288e+00 5.6514e+00
170 5.3173e+00 7.5550e+00 6.3738e-02 1.5958e+00 5.8955e+00
171 5.2187e+00 7.8067e+00 7.3768e-02 1.8553e+00 5.8777e+00
172 5.2283e+00 7.6871e+00 8.5664e-02 1.5508e+00 6.0506e+00
173 5.3847e+00 7.6423e+00 1.0263e-01 1.6432e+00 5.8965e+00
174 5.3079e+00 7.5112e+00 8.0991e-02 1.6651e+00 5.7651e+00
175 5.2684e+00 7.8127e+00 7.0891e-02 1.7122e+00 6.0296e+00
176 5.3471e+00 7.5302e+00 6.3858e-02 1.8501e+00 5.6162e+00
177 5.2486e+00 7.7270e+00 7.8500e-02 1.6136e+00 6.0349e+00
178 5.3458e+00 7.5262e+00 6.9446e-02 1.8753e+00 5.5815e+00
179 5.2852e+00 7.4536e+00 6.7537e-02 2.2124e+00 5.1737e+00
180 5.2729e+00 7.5670e+00 8.0030e-02 2.0231e+00 5.4638e+00
181 5.1593e+00 7.4501e+00 8.5737e-02 1.8532e+00 5.5111e+00
182 5.2456e+00 7.3989e+00 7.8190e-02 1.6868e+00 5.6340e+00
183 5.2883e+00 7.5654e+00 6.2133e-02 1.5358e+00 5.9675e+00
184 5.3114e+00 7.2614e+00 7.0975e-02 1.6601e+00 5.5304e+00
185 5.2623e+00 7.4486e+00 7.0986e-02 1.6497e+00 5.7279e+00
186 5.3074e+00 7.6070e+00 5.3053e-02 1.4966e+00 6.0574e+00
187 5.3234e+00 7.5574e+00 8.1534e-02 1.5977e+00 5.8781e+00
188 5.3117e+00 7.4840e+00 6.4127e-02 1.4269e+00 5.9930e+00
189 5.1496e+00 7.6625e+00 6.6563e-02 1.4843e+00 6.1116e+00
190 5.4294e+00 7.6508e+00 6.7359e-02 1.3716e+00 6.2118e+00
191 5.2794e+00 7.7262e+00 7.2260e-02 1.5997e+00 6.0542e+00
192 5.2869e+00 7.6662e+00 5.8206e-02 1.5288e+00 6.0792e+00
193 5.2716e+00 7.5743e+00 6.2884e-02 1.6650e+00 5.8464e+00
194 5.2535e+00 7.4787e+00 6.6696e-02 1.5476e+00 5.8644e+00
195 5.3812e+00 7.9026e+00 7.4163e-02 1.2139e+00 6.6145e+00
196 5.2734e+00 7.8249e+00 8.9668e-02 1.2906e+00 6.4446e+00
197 5.2903e+00 7.6278e+00 6.3216e-02 1.4699e+00 6.0947e+00
198 5.2612e+00 7.4830e+00 8.2419e-02 1.6159e+00 5.7847e+00
199 5.3113e+00 7.4832e+00 6.3975e-02 1.8414e+00 5.5778e+00
200 5.3678e+00 7.3088e+00 6.8079e-02 1.7924e+00 5.4482e+00
201 5.2925e+00 7.4867e+00 7.2765e-02 1.8461e+00 5.5678e+00
202 5.1951e+00 7.5707e+00 1.0596e-01 1.7873e+00 5.6774e+00
203 5.2864e+00 7.5235e+00 7.6664e-02 1.7703e+00 5.6765e+00
204 5.2564e+00 7.7033e+00 7.6574e-02 1.6447e+00 5.9820e+00
205 5.3068e+00 7.6955e+00 8.4351e-02 1.5458e+00 6.0653e+00
206 5.2315e+00 7.7408e+00 7.0111e-02 1.6806e+00 5.9901e+00
207 5.2714e+00 7.6646e+00 6.7612e-02 1.6493e+00 5.9477e+00
208 5.2101e+00 7.4921e+00 6.8084e-02 1.7865e+00 5.6375e+00
209 5.2469e+00 7.4648e+00 6.3179e-02 1.8218e+00 5.5798e+00
210 5.2660e+00 7.4865e+00 7.6667e-02 1.6793e+00 5.7305e+00
211 5.1380e+00 7.7634e+00 7.0134e-02 1.4153e+00 6.2780e+00
212 5.2881e+00 7.8284e+00 6.3093e-02 1.5110e+00 6.2543e+00
213 5.2491e+00 7.6786e+00 6.3136e-02 1.7163e+00 5.8991e+00
214 5.2064e+00 7.5987e+00 7.4491e-02 1.7430e+00 5.7812e+00
215 5.2405e+00 7.8708e+00 7.3591e-02 1.2410e+00 6.5561e+00
216 5.2915e+00 7.7936e+00 8.6616e-02 1.5472e+00 6.1598e+00
217 5.2220e+00 7.8875e+00 7.1571e-02 1.6340e+00 6.1820e+00
218 5.1997e+00 7.6481e+00 7.9283e-02 1.7231e+00 5.8457e+00
219 5.2839e+00 7.6859e+00 6.0017e-02 1.4422e+00 6.1837e+00
220 5.2145e+00 7.6131e+00 7.2686e-02 1.6897e+00 5.8507e+00
221 5.2641e+00 7.3225e+00 5.5428e-02 1.6778e+00 5.5893e+00
222 5.3471e+00 7.3394e+00 7.4752e-02 1.8220e+00 5.4426e+00
223 5.2996e+00 7.4193e+00 5.7073e-02 1.8016e+00 5.5606e+00
224 5.2683e+00 7.3122e+00 6.9833e-02 1.8374e+00 5.4050e+00
225 5.1857e+00 7.5124e+00 8.6554e-02 1.8962e+00 5.5296e+00
226 5.3531e+00 7.4532e+00 7.9548e-02 1.7945e+00 5.5791e+00
227 5.2252e+00 7.4482e+00 6.3382e-02 1.8530e+00 5.5317e+00
228 5.2765e+00 7.5135e+00 8.4859e-02 2.0671e+00 5.3616e+00
229 5.3483e+00 7.6165e+00 8.8871e-02 1.7205e+00 5.8071e+00
230 5.2270e+00 7.4711e+00 7.5418e-02 1.7725e+00 5.6232e+00
231 5.2255e+00 7.4124e+00 7.5848e-02 1.9851e+00 5.3514e+00
232 5.2255e+00 7.4359e+00 8.5261e-02 1.5852e+00 5.7654e+00
233 5.2805e+00 7.5208e+00 6.1500e-02 1.3562e+00 6.1031e+00
234 5.2306e+00 7.5487e+00 1.1085e-01 1.3662e+00 6.0716e+00
235 5.2905e+00 7.7290e+00 6.7651e-02 1.1313e+00 6.5301e+00
236 5.2716e+00 7.5008e+00 7.6691e-02 1.6768e+00 5.7474e+00
237 5.3424e+00 7.4536e+00 5.6887e-02 1.4422e+00 5.9545e+00
238 5.2958e+00 7.4112e+00 5.5820e-02 1.5313e+00 5.8240e+00
239 5.2179e+00 7.5998e+00 7.5399e-02 1.6101e+00 5.9143e+00
240 5.3500e+00 7.6539e+00 7.7449e-02 1.8093e+00 5.7671e+00
241 5.1315e+00 7.4412e+00 8.6059e-02 1.6720e+00 5.6832e+00
242 5.1956e+00 7.6347e+00 8.1825e-02 1.7349e+00 5.8179e+00
243 5.2270e+00 7.6947e+00 5.3168e-02 1.6008e+00 6.0408e+00
244 5.3668e+00 7.7094e+00 1.0070e-01 1.5999e+00 6.0088e+00
245 5.3761e+00 7.9399e+00 5.0049e-02 1.2981e+00 6.5918e+00
246 5.2604e+00 7.6877e+00 6.8653e-02 1.3499e+00 6.2692e+00
247 5.2285e+00 7.7893e+00 7.6385e-02 1.4975e+00 6.2154e+00
248 5.3555e+00 7.4297e+00 6.4606e-02 1.7830e+00 5.5821e+00
249 5.1311e+00 7.7309e+00 6.7469e-02 1.7507e+00 5.9127e+00
250 5.2847e+00 7.6099e+00 6.9495e-02 1.8152e+00 5.7252e+00
251 5.2785e+00 7.7368e+00 7.4423e-02 1.7093e+00 5.9531e+00
252 5.2038e+00 7.6087e+00 4.6691e-02 1.8545e+00 5.7076e+00
253 5.2327e+00 7.6705e+00 7.9740e-02 1.4523e+00 6.1385e+00
254 5.2205e+00 7.6320e+00 7.1409e-02 1.7584e+00 5.8022e+00
255 5.4298e+00 7.5686e+00 5.7397e-02 2.0179e+00 5.4934e+00
256 5.3503e+00 7.4992e+00 9.0269e-02 1.5630e+00 5.8460e+00
257 5.2202e+00 7.5501e+00 8.3367e-02 1.4277e+00 6.0389e+00
258 5.1744e+00 7.6259e+00 8.3581e-02 1.3308e+00 6.2115e+00
259 5.2299e+00 7.5784e+00 7.2673e-02 1.4749e+00 6.0308e+00
260 5.2066e+00 7.6929e+00 6.3682e-02 1.7375e+00 5.8917e+00
261 5.2092e+00 7.7461e+00 7.9664e-02 1.7809e+00 5.8855e+00
262 5.2391e+00 7.8051e+00 6.2522e-02 1.9250e+00 5.8176e+00
263 5.2860e+00 7.6529e+00 6.7748e-02 1.8031e+00 5.7821e+00
264 5.2097e+00 7.5614e+00 7.7274e-02 1.7246e+00 5.7596e+00
265 5.3127e+00 7.5520e+00 4.9718e-02 1.6485e+00 5.8538e+00
266 5.2925e+00 7.6764e+00 7.2228e-02 1.3743e+00 6.2298e+00
267 5.3019e+00 7.5647e+00 6.6874e-02 1.6571e+00 5.8408e+00
268 5.2580e+00 7.6189e+00 7.8141e-02 1.8066e+00 5.7342e+00
269 5.2247e+00 7.5590e+00 1.0832e-01 1.6680e+00 5.7827e+00
270 5.1947e+00 7.5468e+00 6.8166e-02 1.4221e+00 6.0566e+00
271 5.2300e+00 7.5340e+00 7.0704e-02 1.4702e+00 5.9931e+00
272 5.2342e+00 7.4359e+00 8.5911e-02 1.5010e+00 5.8490e+00
273 5.3159e+00 7.6110e+00 8.0472e-02 1.5155e+00 6.0150e+00
274 5.1810e+00 7.6630e+00 9.5519e-02 1.4911e+00 6.0764e+00
275 5.2608e+00 7.7734e+00 9.3239e-02 1.5572e+00 6.1230e+00
276 5.2617e+00 7.6351e+00 8.9629e-02 1.6057e+00 5.9397e+00
277 5.2631e+00 7.7296e+00 9.9968e-02 1.6724e+00 5.9573e+00
278 5.1931e+00 7.3965e+00 5.9388e-02 1.7253e+00 5.6118e+00
279 5.2564e+00 7.8667e+00 6.4066e-02 1.4844e+00 6.3183e+00
280 5.1620e+00 7.8303e+00 9.2004e-02 1.6802e+00 6.0581e+00
281 5.2588e+00 7.7810e+00 6.2757e-02 1.6465e+00 6.0717e+00
282 5.2507e+00 7.5107e+00 5.8550e-02 1.7700e+00 5.6821e+00
283 5.2200e+00 7.5206e+00 7.6287e-02 1.8516e+00 5.5927e+00
284 5.1585e+00 7.4408e+00 1.0414e-01 1.7527e+00 5.5839e+00
285 5.2124e+00 7.4529e+00 7.0447e-02 1.6291e+00 5.7534e+00
286 5.1519e+00 7.6841e+00 7.7797e-02 1.4269e+00 6.1794e+00
287 5.3092e+00 7.4615e+00 7.2197e-02 1.5335e+00 5.8559e+00
288 5.1920e+00 7.5082e+00 6.8825e-02 1.8114e+00 5.6279e+00
289 5.2333e+00 7.6752e+00 7.4076e-02 1.7227e+00 5.8784e+00
290 5.3342e+00 7.3414e+00 5.9906e-02 1.7274e+00 5.5542e+00
291 5.2564e+00 7.3892e+00 6.4304e-02 1.6362e+00 5.6887e+00
292 5.2955e+00 7.4238e+00 5.7350e-02 1.7690e+00 5.5974e+00
293 5.1613e+00 7.5329e+00 6.9858e-02 1.4712e+00 5.9918e+00
294 5.3482e+00 7.8208e+00 7.4512e-02 1.3271e+00 6.4191e+00
295 5.2640e+00 7.6838e+00 6.3267e-02 1.6376e+00 5.9829e+00
296 5.3721e+00 7.5362e+00 8.0990e-02 1.6711e+00 5.7841e+00
297 5.1919e+00 7.4790e+00 7.0978e-02 1.6170e+00 5.7911e+00
298 5.4619e+00 7.4575e+00 6.1665e-02 1.5367e+00 5.8592e+00
299 5.3060e+00 7.4250e+00 6.7175e-02 1.6687e+00 5.6891e+00
