0 1.3781e+00 8.3851e-01
1 -5.3940e-01 -7.0890e-01
2 -1.5754e+00 -2.0537e+00
3 -1.8600e+00 -2.0331e+00
4 -2.0992e+00 -2.3497e+00
5 -2.2368e+00 -2.4598e+00
6 -2.4775e+00 -1.6783e+00
7 -2.6311e+00 -2.5712e+00
8 -2.4764e+00 -2.7722e+00
9 -2.7692e+00 -2.8971e+00
10 -2.3920e+00 -2.7624e+00
11 -2.9436e+00 -3.1447e+00
12 -2.8765e+00 -3.1350e+00
13 -2.9591e+00 -2.8761e+00
14 -2.5353e+00 -2.8679e+00
15 -2.9874e+00 -3.3438e+00
16 -3.2487e+00 -3.1819e+00
17 -3.0631e+00 -3.1711e+00
18 -3.1530e+00 -3.3726e+00
19 -3.2873e+00 -3.7131e+00
20 -3.4460e+00 -3.4584e+00
21 -3.3556e+00 -3.5039e+00
22 -3.5520e+00 -3.7486e+00
23 -3.5166e+00 -3.1964e+00
24 -2.5526e+00 -2.3418e+00
25 -2.5954e+00 -2.7089e+00
26 -3.2208e+00 -3.2551e+00
27 -3.4590e+00 -3.4005e+00
28 -3.6911e+00 -3.3834e+00
29 -3.3313e+00 -3.2332e+00
30 -2.4958e+00 -2.6228e+00
31 -2.2815e+00 -2.7781e+00
32 -3.0017e+00 -3.3031e+00
33 -3.1301e+00 -3.5159e+00
34 -3.5180e+00 -3.6842e+00
35 -3.6997e+00 -3.8783e+00
36 -3.6391e+00 -3.8386e+00
37 -3.7757e+00 -3.9962e+00
38 -3.9558e+00 -4.0987e+00
39 -3.9510e+00 -4.0993e+00
40 -3.7427e+00 -3.9889e+00
41 -3.7857e+00 -4.0468e+00
42 -3.8039e+00 -3.9613e+00
43 -4.0359e+00 -4.2295e+00
44 -4.1362e+00 -4.3893e+00
45 -4.0552e+00 -4.2946e+00
46 -4.1008e+00 -4.2355e+00
47 -4.1650e+00 -4.4706e+00
48 -4.1738e+00 -4.3592e+00
49 -4.1965e+00 -4.5087e+00
50 -4.2910e+00 -4.5179e+00
51 -4.2808e+00 -4.3151e+00
52 -3.8039e+00 -4.2693e+00
53 -4.0919e+00 -4.4311e+00
54 -4.3391e+00 -4.4649e+00
55 -4.3213e+00 -4.5234e+00
56 -4.3042e+00 -4.6156e+00
57 -4.3156e+00 -4.6285e+00
58 -4.0705e+00 -4.5225e+00
59 -4.2365e+00 -4.5051e+00
60 -4.2797e+00 -4.6555e+00
61 -4.2809e+00 -4.4964e+00
62 -4.3145e+00 -4.5535e+00
63 -4.3383e+00 -4.5745e+00
64 -4.2922e+00 -4.5532e+00
65 -4.1576e+00 -4.4814e+00
66 -4.3684e+00 -4.7435e+00
67 -4.3634e+00 -4.6628e+00
68 -4.2660e+00 -4.5494e+00
69 -4.4848e+00 -4.7499e+00
70 -4.4660e+00 -4.7810e+00
71 -4.2034e+00 -4.5669e+00
72 -4.1920e+00 -4.4807e+00
73 -4.5320e+00 -4.7118e+00
74 -4.4370e+00 -4.6478e+00
75 -4.3306e+00 -4.5263e+00
76 -4.3079e+00 -4.6405e+00
77 -4.4037e+00 -4.6296e+00
78 -4.4653e+00 -4.7816e+00
79 -4.3821e+00 -4.5945e+00
80 -4.4987e+00 -4.7377e+00
81 -4.3870e+00 -4.6827e+00
82 -4.4670e+00 -4.7217e+00
83 -4.5551e+00 -4.7161e+00
84 -4.4160e+00 -4.7310e+00
85 -4.6695e+00 -4.8582e+00
86 -4.5606e+00 -4.6589e+00
87 -4.4856e+00 -4.7682e+00
88 -4.3461e+00 -4.7138e+00
89 -4.4155e+00 -4.6953e+00
90 -4.5210e+00 -4.7219e+00
91 -4.2752e+00 -4.6289e+00
92 -4.5765e+00 -4.7969e+00
93 -4.5699e+00 -4.8968e+00
94 -4.4527e+00 -4.6090e+00
95 -3.4016e+00 -4.3949e+00
96 -4.1991e+00 -4.5150e+00
97 -4.2177e+00 -4.5252e+00
98 -4.4202e+00 -4.6117e+00
99 -4.5368e+00 -4.7355e+00
100 -4.4512e+00 -4.6964e+00
101 -4.3748e+00 -4.7254e+00
102 -4.4769e+00 -4.7972e+00
103 -4.5381e+00 -4.7307e+00
104 -4.4755e+00 -4.8053e+00
105 -4.5525e+00 -4.8808e+00
106 -4.7625e+00 -4.9407e+00
107 -4.8320e+00 -4.8923e+00
108 -4.6609e+00 -4.9398e+00
109 -4.7839e+00 -4.9532e+00
110 -4.7834e+00 -4.9997e+00
111 -4.7938e+00 -4.9929e+00
112 -4.6819e+00 -4.9855e+00
113 -4.7866e+00 -4.9449e+00
114 -4.7243e+00 -5.0199e+00
115 -4.5139e+00 -4.8768e+00
116 -4.7058e+00 -5.0124e+00
117 -4.7668e+00 -5.0241e+00
118 -4.6956e+00 -4.9247e+00
119 -4.7575e+00 -4.9906e+00
120 -4.7513e+00 -5.0210e+00
121 -4.8304e+00 -5.0393e+00
122 -4.8259e+00 -4.9899e+00
123 -4.9280e+00 -5.0156e+00
124 -4.7152e+00 -5.1158e+00
125 -4.8791e+00 -5.0554e+00
126 -4.6899e+00 -4.9141e+00
127 -4.8168e+00 -5.0961e+00
128 -4.8446e+00 -5.0997e+00
129 -4.8787e+00 -5.0395e+00
130 -4.8228e+00 -5.1369e+00
131 -4.8413e+00 -5.0400e+00
132 -4.8911e+00 -5.0504e+00
133 -4.7877e+00 -5.1102e+00
134 -4.8267e+00 -5.0263e+00
135 -4.8808e+00 -5.0905e+00
136 -4.8674e+00 -5.0293e+00
137 -4.8576e+00 -5.0967e+00
138 -4.8683e+00 -5.1441e+00
139 -4.8909e+00 -5.0935e+00
140 -4.8810e+00 -5.1142e+00
141 -4.8822e+00 -5.0988e+00
142 -4.8130e+00 -5.0926e+00
143 -4.7604e+00 -5.0977e+00
144 -4.7314e+00 -5.0436e+00
145 -4.7930e+00 -4.9422e+00
146 -4.8556e+00 -5.1134e+00
147 -5.0052e+00 -5.1308e+00
148 -4.9199e+00 -5.1184e+00
149 -4.7733e+00 -5.1172e+00
150 -4.7572e+00 -5.0528e+00
151 -4.9408e+00 -5.1173e+00
152 -4.9863e+00 -5.0847e+00
153 -5.0172e+00 -5.1164e+00
154 -4.9471e+00 -5.0944e+00
155 -4.9039e+00 -5.1166e+00
156 -4.8704e+00 -5.0857e+00
157 -4.9876e+00 -5.1328e+00
158 -4.9624e+00 -5.0977e+00
159 -4.9430e+00 -5.1341e+00
160 -4.9339e+00 -5.0928e+00
161 -5.0402e+00 -5.1117e+00
162 -5.0330e+00 -5.1221e+00
163 -5.0492e+00 -5.1623e+00
164 -5.0748e+00 -5.1677e+00
165 -4.9873e+00 -5.1799e+00
166 -4.9023e+00 -5.0874e+00
167 -5.0469e+00 -5.1756e+00
168 -4.9963e+00 -5.1798e+00
169 -4.8285e+00 -5.0969e+00
170 -4.9637e+00 -5.0761e+00
171 -4.8824e+00 -5.1257e+00
172 -4.9687e+00 -5.1279e+00
173 -4.9777e+00 -5.1505e+00
174 -4.9721e+00 -5.1475e+00
175 -4.9756e+00 -5.1817e+00
176 -4.9921e+00 -5.1214e+00
177 -4.9672e+00 -5.1246e+00
178 -5.0351e+00 -5.2004e+00
179 -4.9796e+00 -5.1599e+00
180 -5.0760e+00 -5.0965e+00
181 -4.9981e+00 -5.1655e+00
182 -4.9835e+00 -5.1725e+00
183 -4.8970e+00 -5.1719e+00
184 -5.0791e+00 -5.1883e+00
185 -4.9771e+00 -5.0858e+00
186 -4.9846e+00 -5.1150e+00
187 -5.0456e+00 -5.1358e+00
188 -4.9709e+00 -5.2321e+00
189 -5.0406e+00 -5.1569e+00
190 -4.9663e+00 -5.1706e+00
191 -4.9085e+00 -5.2198e+00
192 -4.9602e+00 -5.1294e+00
193 -4.9808e+00 -5.1989e+00
194 -5.0222e+00 -5.1918e+00
195 -4.8947e+00 -5.2052e+00
196 -5.0643e+00 -5.1729e+00
197 -5.0366e+00 -5.1533e+00
198 -4.9885e+00 -5.1535e+00
199 -5.0011e+00 -5.1297e+00
200 -4.9554e+00 -5.1528e+00
201 -4.9795e+00 -5.1898e+00
202 -5.0255e+00 -5.1963e+00
203 -5.0161e+00 -5.1617e+00
204 -5.0427e+00 -5.2169e+00
205 -5.0203e+00 -5.2165e+00
206 -5.0198e+00 -5.2358e+00
207 -4.9355e+00 -5.1144e+00
208 -4.9912e+00 -5.1734e+00
209 -4.9737e+00 -5.1425e+00
210 -4.8879e+00 -5.2115e+00
211 -4.9692e+00 -5.2066e+00
212 -4.9569e+00 -5.1778e+00
213 -5.0354e+00 -5.1599e+00
214 -4.9555e+00 -5.1473e+00
215 -4.9670e+00 -5.1721e+00
216 -4.9801e+00 -5.1622e+00
217 -4.9774e+00 -5.1948e+00
218 -4.9708e+00 -5.2047e+00
219 -5.0059e+00 -5.1776e+00
220 -5.1193e+00 -5.1982e+00
221 -4.9742e+00 -5.1051e+00
222 -4.9865e+00 -5.1459e+00
223 -5.0397e+00 -5.1924e+00
224 -4.9510e+00 -5.1472e+00
225 -4.9665e+00 -5.2130e+00
226 -4.9861e+00 -5.1387e+00
227 -4.9000e+00 -5.1607e+00
228 -5.0922e+00 -5.1642e+00
229 -5.1146e+00 -5.2322e+00
230 -5.0131e+00 -5.1140e+00
231 -4.9353e+00 -5.1219e+00
232 -5.0542e+00 -5.1771e+00
233 -4.9312e+00 -5.1635e+00
234 -5.0104e+00 -5.1693e+00
235 -5.0070e+00 -5.1463e+00
236 -5.0345e+00 -5.1416e+00
237 -5.0913e+00 -5.1655e+00
238 -5.0102e+00 -5.1340e+00
239 -5.0211e+00 -5.1928e+00
240 -5.0256e+00 -5.1764e+00
241 -4.9499e+00 -5.1948e+00
242 -4.9682e+00 -5.1873e+00
243 -4.8817e+00 -5.1450e+00
244 -5.0863e+00 -5.2226e+00
245 -5.1096e+00 -5.1735e+00
246 -5.0859e+00 -5.1656e+00
247 -4.9098e+00 -5.2200e+00
248 -5.0163e+00 -5.2118e+00
249 -4.9906e+00 -5.1146e+00
250 -5.0077e+00 -5.2216e+00
251 -5.0223e+00 -5.2185e+00
252 -5.0601e+00 -5.2200e+00
253 -4.9644e+00 -5.1316e+00
254 -4.9326e+00 -5.1455e+00
255 -5.0892e+00 -5.0980e+00
256 -5.0846e+00 -5.2349e+00
257 -5.0664e+00 -5.1284e+00
258 -4.9044e+00 -5.1322e+00
259 -4.9998e+00 -5.1888e+00
260 -4.9939e+00 -5.1585e+00
261 -5.0421e+00 -5.1997e+00
262 -4.8506e+00 -5.1572e+00
263 -4.9090e+00 -5.1697e+00
264 -5.1318e+00 -5.1294e+00
265 -4.9232e+00 -5.1945e+00
266 -5.0309e+00 -5.2375e+00
267 -4.9575e+00 -5.1550e+00
268 -4.9681e+00 -5.1752e+00
269 -4.8762e+00 -5.1519e+00
270 -4.8753e+00 -5.2018e+00
271 -5.0380e+00 -5.1873e+00
272 -4.9996e+00 -5.1598e+00
273 -5.0261e+00 -5.0979e+00
274 -5.0486e+00 -5.1667e+00
275 -4.9701e+00 -5.1645e+00
276 -4.9766e+00 -5.1765e+00
277 -5.1428e+00 -5.2280e+00
278 -5.1185e+00 -5.1654e+00
279 -4.9592e+00 -5.1376e+00
280 -5.0554e+00 -5.1486e+00
281 -5.0800e+00 -5.2290e+00
282 -5.0623e+00 -5.1945e+00
283 -5.0706e+00 -5.2388e+00
284 -5.0381e+00 -5.1991e+00
285 -4.9250e+00 -5.1563e+00
286 -5.0929e+00 -5.1551e+00
287 -4.9990e+00 -5.1835e+00
288 -5.0468e+00 -5.1801e+00
289 -4.9645e+00 -5.1606e+00
290 -5.0283e+00 -5.1323e+00
291 -5.0805e+00 -5.1669e+00
292 -5.0641e+00 -5.1889e+00
293 -4.8985e+00 -5.1532e+00
294 -5.0247e+00 -5.1857e+00
295 -5.0945e+00 -5.2311e+00
296 -5.0524e+00 -5.1194e+00
297 -5.0024e+00 -5.1378e+00
298 -5.0498e+00 -5.1629e+00
299 -4.8888e+00 -5.2019e+00
