0 2.0574e+01 2.9696e+01 2.5954e-06 2.9696e+01 1.4193e-09
1 1.8034e+01 2.9543e+01 3.1407e-04 2.9543e+01 2.7855e-06
2 1.6582e+01 2.8302e+01 3.5809e-03 2.8297e+01 1.2259e-03
3 1.5652e+01 2.3753e+01 4.2440e-02 2.3527e+01 1.8351e-01
4 1.4944e+01 1.8849e+01 1.0877e-01 1.6968e+01 1.7720e+00
5 1.4451e+01 1.6624e+01 1.8076e-01 1.3708e+01 2.7357e+00
6 1.4048e+01 1.5252e+01 1.9082e-01 1.0090e+01 4.9719e+00
7 1.3568e+01 1.5415e+01 2.1430e-01 8.2360e+00 6.9651e+00
8 1.3242e+01 1.5285e+01 3.0191e-01 7.5337e+00 7.4493e+00
9 1.2857e+01 1.7186e+01 1.8468e-01 6.0250e+00 1.0976e+01
10 1.2576e+01 1.7181e+01 2.2634e-01 5.8105e+00 1.1144e+01
11 1.2259e+01 1.4884e+01 2.0134e-01 5.8873e+00 8.7956e+00
12 1.1991e+01 1.3547e+01 1.7023e-01 6.9898e+00 6.3867e+00
13 1.1767e+01 1.2804e+01 2.3315e-01 7.1589e+00 5.4121e+00
14 1.1481e+01 1.3489e+01 2.6163e-01 6.1024e+00 7.1252e+00
15 1.1292e+01 1.2581e+01 2.2541e-01 6.2833e+00 6.0721e+00
16 1.1078e+01 1.2433e+01 1.8580e-01 6.9026e+00 5.3450e+00
17 1.0832e+01 1.3855e+01 1.4915e-01 4.9749e+00 8.7312e+00
18 1.0764e+01 1.3094e+01 1.4262e-01 5.6782e+00 7.2736e+00
19 1.0531e+01 1.2873e+01 1.7443e-01 5.4213e+00 7.2769e+00
20 1.0363e+01 1.2088e+01 2.6383e-01 6.5106e+00 5.3138e+00
21 1.0269e+01 1.2923e+01 1.9445e-01 5.0104e+00 7.7177e+00
22 1.0039e+01 1.5840e+01 1.5603e-01 2.9378e+00 1.2746e+01
23 9.9389e+00 1.3993e+01 1.9851e-01 3.9636e+00 9.8309e+00
24 9.7376e+00 1.1903e+01 1.4837e-01 5.2393e+00 6.5156e+00
25 9.6903e+00 1.2279e+01 1.5479e-01 5.1097e+00 7.0143e+00
26 9.6199e+00 1.2002e+01 1.9323e-01 4.3968e+00 7.4115e+00
27 9.4359e+00 1.1594e+01 1.2318e-01 4.8992e+00 6.5721e+00
28 9.3633e+00 1.2704e+01 1.3395e-01 4.5093e+00 8.0610e+00
29 9.3699e+00 1.3149e+01 1.3856e-01 4.1354e+00 8.8754e+00
30 9.2360e+00 1.1134e+01 1.1858e-01 5.1608e+00 5.8549e+00
31 9.1983e+00 1.1676e+01 1.6055e-01 4.7783e+00 6.7373e+00
32 9.0688e+00 1.6159e+01 1.7648e-01 2.6801e+00 1.3303e+01
33 8.9462e+00 1.3030e+01 1.8975e-01 2.9327e+00 9.9073e+00
34 8.7240e+00 1.2782e+01 1.6065e-01 3.5241e+00 9.0973e+00
35 8.7513e+00 1.4125e+01 1.2902e-01 3.0974e+00 1.0899e+01
36 8.5508e+00 1.1853e+01 1.6519e-01 3.3996e+00 8.2885e+00
37 8.4484e+00 1.1378e+01 1.5505e-01 3.4092e+00 7.8133e+00
38 8.5984e+00 1.1404e+01 1.4307e-01 3.1649e+00 8.0958e+00
39 8.4083e+00 1.0302e+01 1.8679e-01 4.1684e+00 5.9472e+00
40 8.3310e+00 1.0586e+01 1.5197e-01 3.2626e+00 7.1714e+00
41 8.2943e+00 1.1095e+01 1.3586e-01 2.5678e+00 8.3918e+00
42 8.2996e+00 1.1352e+01 1.6070e-01 2.6552e+00 8.5365e+00
43 8.0874e+00 1.2181e+01 1.3478e-01 2.6447e+00 9.4019e+00
44 8.1391e+00 1.1829e+01 1.3447e-01 2.6956e+00 8.9986e+00
45 7.9506e+00 1.2377e+01 1.5244e-01 2.6966e+00 9.5280e+00
46 7.9537e+00 1.2863e+01 1.5824e-01 2.9802e+00 9.7242e+00
47 7.9724e+00 1.3238e+01 1.5611e-01 2.6692e+00 1.0413e+01
48 7.8691e+00 1.2224e+01 1.1881e-01 2.5266e+00 9.5784e+00
49 7.7764e+00 1.1259e+01 1.9983e-01 2.4605e+00 8.5983e+00
50 7.6534e+00 9.9498e+00 1.2450e-01 3.0129e+00 6.8123e+00
51 7.6196e+00 9.8926e+00 1.6422e-01 3.1887e+00 6.5398e+00
52 7.6403e+00 1.0652e+01 1.3942e-01 2.7328e+00 7.7802e+00
53 7.4850e+00 1.0432e+01 1.0647e-01 2.4765e+00 7.8488e+00
54 7.4295e+00 9.9729e+00 1.2711e-01 2.6702e+00 7.1756e+00
55 7.3342e+00 1.0531e+01 1.2095e-01 2.5058e+00 7.9044e+00
56 7.2319e+00 1.0473e+01 1.3633e-01 2.3946e+00 7.9419e+00
57 7.2026e+00 9.7926e+00 1.4764e-01 2.4059e+00 7.2391e+00
58 7.1371e+00 9.4231e+00 1.6298e-01 2.8278e+00 6.4323e+00
59 7.1223e+00 9.8191e+00 1.5784e-01 2.8554e+00 6.8059e+00
60 7.1060e+00 1.0647e+01 1.4879e-01 2.3862e+00 8.1116e+00
61 7.0798e+00 1.0851e+01 1.2133e-01 2.0201e+00 8.7100e+00
62 6.9772e+00 1.0639e+01 1.8323e-01 2.5502e+00 7.9056e+00
63 7.0486e+00 1.0402e+01 1.3630e-01 2.4250e+00 7.8407e+00
64 6.8977e+00 9.9150e+00 1.3180e-01 2.2124e+00 7.5708e+00
65 6.8477e+00 9.3369e+00 1.4884e-01 2.4929e+00 6.6952e+00
66 6.8029e+00 1.0360e+01 1.9252e-01 1.7697e+00 8.3980e+00
67 6.8747e+00 1.1034e+01 1.4795e-01 1.4715e+00 9.4147e+00
68 6.8339e+00 9.4309e+00 1.4361e-01 1.9646e+00 7.3226e+00
69 6.6517e+00 9.3055e+00 1.2127e-01 2.2487e+00 6.9356e+00
70 6.6532e+00 9.7926e+00 1.6122e-01 2.2366e+00 7.3948e+00
71 6.5484e+00 9.2998e+00 1.0010e-01 2.7269e+00 6.4727e+00
72 6.6225e+00 8.8982e+00 1.7902e-01 2.6899e+00 6.0293e+00
73 6.6388e+00 1.0870e+01 1.7802e-01 1.9900e+00 8.7016e+00
74 6.5413e+00 1.1826e+01 1.2173e-01 1.9550e+00 9.7496e+00
75 6.5498e+00 1.0481e+01 1.2285e-01 2.3304e+00 8.0275e+00
76 6.3362e+00 9.9295e+00 9.2416e-02 2.3719e+00 7.4652e+00
77 6.2487e+00 9.6943e+00 1.2330e-01 2.1819e+00 7.3891e+00
78 6.2240e+00 1.1242e+01 1.1627e-01 1.7630e+00 9.3627e+00
79 6.2356e+00 1.2446e+01 1.1841e-01 1.4196e+00 1.0908e+01
80 6.2554e+00 1.0706e+01 1.3267e-01 1.6060e+00 8.9675e+00
81 6.1691e+00 9.1720e+00 1.5249e-01 2.1136e+00 6.9059e+00
82 6.1318e+00 9.5602e+00 1.5949e-01 2.2376e+00 7.1631e+00
83 6.0762e+00 8.8230e+00 1.3959e-01 2.8143e+00 5.8691e+00
84 5.9954e+00 8.5374e+00 1.4910e-01 2.2277e+00 6.1606e+00
85 6.0741e+00 8.9650e+00 8.2978e-02 2.0973e+00 6.7847e+00
86 6.0764e+00 9.2205e+00 1.1892e-01 1.6105e+00 7.4912e+00
87 5.9545e+00 8.2900e+00 1.3923e-01 2.2510e+00 5.8997e+00
88 6.0069e+00 8.6984e+00 1.1567e-01 2.2696e+00 6.3131e+00
89 5.9963e+00 9.1455e+00 1.2960e-01 1.9869e+00 7.0289e+00
90 5.9904e+00 9.6649e+00 1.1003e-01 1.6117e+00 7.9431e+00
91 5.8654e+00 9.5747e+00 1.5197e-01 1.5300e+00 7.8927e+00
92 6.0043e+00 9.0231e+00 1.1822e-01 1.5154e+00 7.3895e+00
93 5.9710e+00 9.2799e+00 1.2884e-01 1.4551e+00 7.6959e+00
94 5.9242e+00 9.7363e+00 1.9865e-01 1.5513e+00 7.9863e+00
95 6.0370e+00 9.3875e+00 1.2075e-01 1.7975e+00 7.4693e+00
96 6.0046e+00 9.0331e+00 1.6358e-01 2.0827e+00 6.7868e+00
97 5.8999e+00 8.6492e+00 1.9744e-01 1.9624e+00 6.4894e+00
98 5.8871e+00 8.9492e+00 1.1834e-01 1.8984e+00 6.9325e+00
99 5.8057e+00 8.6571e+00 1.2341e-01 2.2370e+00 6.2967e+00
100 5.8044e+00 8.9404e+00 1.2615e-01 1.9529e+00 6.8613e+00
101 5.7426e+00 8.7129e+00 1.3684e-01 2.0683e+00 6.5078e+00
102 5.7128e+00 8.6545e+00 1.0124e-01 1.8673e+00 6.6859e+00
103 5.6838e+00 8.9191e+00 1.5301e-01 1.7212e+00 7.0449e+00
104 5.6244e+00 8.7634e+00 1.1426e-01 1.7013e+00 6.9478e+00
105 5.6872e+00 8.5212e+00 9.7470e-02 1.8622e+00 6.5616e+00
106 5.5314e+00 8.3560e+00 8.7618e-02 1.7413e+00 6.5271e+00
107 5.5719e+00 8.0248e+00 8.5375e-02 1.9472e+00 5.9922e+00
108 5.6443e+00 8.8008e+00 9.2798e-02 1.7689e+00 6.9391e+00
109 5.5278e+00 9.1348e+00 1.3724e-01 1.4771e+00 7.5204e+00
110 5.5025e+00 9.1442e+00 9.8682e-02 1.5628e+00 7.4828e+00
111 5.4554e+00 8.9149e+00 1.0654e-01 1.7120e+00 7.0963e+00
112 5.4064e+00 8.9248e+00 1.2301e-01 1.8007e+00 7.0011e+00
113 5.4494e+00 8.6542e+00 1.1536e-01 1.6378e+00 6.9010e+00
114 5.5226e+00 8.6975e+00 1.2997e-01 1.2960e+00 7.2715e+00
115 5.5070e+00 8.9878e+00 9.7577e-02 1.3887e+00 7.5015e+00
116 5.5339e+00 8.9360e+00 9.5667e-02 1.6347e+00 7.2056e+00
117 5.4627e+00 8.8076e+00 1.1208e-01 1.4685e+00 7.2271e+00
118 5.5289e+00 8.6434e+00 9.8270e-02 1.6333e+00 6.9119e+00
119 5.5129e+00 8.5183e+00 9.9759e-02 1.6977e+00 6.7208e+00
120 5.5486e+00 8.7260e+00 1.0084e-01 1.7413e+00 6.8838e+00
121 5.4013e+00 8.9382e+00 1.0280e-01 1.8423e+00 6.9931e+00
122 5.4669e+00 9.4458e+00 1.0636e-01 1.6200e+00 7.7194e+00
123 5.4673e+00 9.3780e+00 1.6780e-01 1.5990e+00 7.6112e+00
124 5.4966e+00 8.9073e+00 9.9706e-02 1.7421e+00 7.0655e+00
125 5.4696e+00 8.9914e+00 1.2811e-01 1.8356e+00 7.0277e+00
126 5.5900e+00 8.9308e+00 1.2622e-01 1.7355e+00 7.0690e+00
127 5.5329e+00 8.8270e+00 1.1620e-01 1.5682e+00 7.1426e+00
128 5.4551e+00 9.3952e+00 1.0603e-01 1.5760e+00 7.7132e+00
129 5.4091e+00 9.5166e+00 1.1591e-01 1.5606e+00 7.8401e+00
130 5.4828e+00 9.4142e+00 1.3807e-01 1.5428e+00 7.7334e+00
131 5.4932e+00 9.2267e+00 9.6668e-02 1.5077e+00 7.6224e+00
132 5.3819e+00 9.9669e+00 1.1994e-01 1.4779e+00 8.3691e+00
133 5.4630e+00 9.6532e+00 1.1860e-01 1.4212e+00 8.1134e+00
134 5.4804e+00 9.0100e+00 1.3886e-01 1.4982e+00 7.3729e+00
135 5.4324e+00 8.7005e+00 1.4752e-01 1.5557e+00 6.9973e+00
136 5.4876e+00 9.1071e+00 1.1662e-01 1.4764e+00 7.5141e+00
137 5.5179e+00 9.7199e+00 1.1140e-01 1.3353e+00 8.2731e+00
138 5.4671e+00 9.5207e+00 1.1317e-01 1.5009e+00 7.9067e+00
139 5.4930e+00 8.9092e+00 1.3490e-01 1.5717e+00 7.2026e+00
140 5.4857e+00 8.8529e+00 1.0555e-01 1.6658e+00 7.0816e+00
141 5.4180e+00 9.1243e+00 1.4368e-01 1.7583e+00 7.2223e+00
142 5.5200e+00 9.5318e+00 1.0890e-01 1.4916e+00 7.9313e+00
143 5.4208e+00 9.1517e+00 1.0835e-01 1.5097e+00 7.5336e+00
144 5.3550e+00 8.9296e+00 1.3775e-01 1.5438e+00 7.2481e+00
145 5.5362e+00 8.6445e+00 1.2241e-01 1.6545e+00 6.8676e+00
146 5.4689e+00 8.8741e+00 1.2876e-01 1.6571e+00 7.0883e+00
147 5.4439e+00 9.2872e+00 1.5575e-01 1.2306e+00 7.9009e+00
148 5.5003e+00 8.8073e+00 1.1079e-01 1.6450e+00 7.0515e+00
149 5.4929e+00 8.6774e+00 1.0967e-01 1.5945e+00 6.9733e+00
150 5.4855e+00 8.3477e+00 1.2185e-01 1.9820e+00 6.2438e+00
151 5.5180e+00 9.2113e+00 8.5020e-02 1.6520e+00 7.4743e+00
152 5.5034e+00 9.1969e+00 1.2068e-01 1.7655e+00 7.3107e+00
153 5.4133e+00 8.8747e+00 1.1076e-01 1.7580e+00 7.0060e+00
154 5.4658e+00 8.9959e+00 9.0161e-02 1.7215e+00 7.1843e+00
155 5.4638e+00 8.8984e+00 1.1329e-01 1.7359e+00 7.0492e+00
156 5.4904e+00 8.8260e+00 1.3258e-01 1.7809e+00 6.9125e+00
157 5.4597e+00 8.6752e+00 9.3669e-02 1.6601e+00 6.9214e+00
158 5.4366e+00 8.9360e+00 1.1386e-01 1.5787e+00 7.2434e+00
159 5.4482e+00 8.9882e+00 1.1903e-01 1.4435e+00 7.4257e+00
160 5.5236e+00 8.6398e+00 1.3323e-01 1.8992e+00 6.6074e+00
161 5.4470e+00 8.5521e+00 1.1889e-01 1.9652e+00 6.4680e+00
162 5.4384e+00 8.2496e+00 1.0848e-01 2.0648e+00 6.0763e+00
163 5.3828e+00 8.4203e+00 7.7814e-02 2.0040e+00 6.3385e+00
164 5.4435e+00 8.0706e+00 9.6614e-02 2.1285e+00 5.8455e+00
165 5.4372e+00 8.5487e+00 9.2222e-02 1.9083e+00 6.5481e+00
166 5.4616e+00 9.7814e+00 1.2214e-01 1.4779e+00 8.1814e+00
167 5.3931e+00 8.8784e+00 1.1566e-01 1.4486e+00 7.3142e+00
168 5.3976e+00 8.8037e+00 1.0588e-01 1.5173e+00 7.1805e+00
169 5.4663e+00 8.6856e+00 1.1300e-01 1.6931e+00 6.8796e+00
170 5.4876e+00 8.6895e+00 1.0011e-01 1.7901e+00 6.7993e+00
171 5.5847e+00 9.2641e+00 1.1855e-01 1.3617e+00 7.7839e+00
172 5.5448e+00 9.4453e+00 1.2129e-01 1.4234e+00 7.9007e+00
173 5.5248e+00 8.8552e+00 7.0313e-02 1.6537e+00 7.1311e+00
174 5.5414e+00 9.2476e+00 9.9996e-02 1.6480e+00 7.4996e+00
175 5.4258e+00 9.1227e+00 1.0385e-01 1.3965e+00 7.6223e+00
176 5.5570e+00 9.3506e+00 1.0478e-01 1.4344e+00 7.8113e+00
177 5.4780e+00 8.8487e+00 1.1958e-01 1.7327e+00 6.9964e+00
178 5.5501e+00 9.2228e+00 7.5898e-02 1.7279e+00 7.4190e+00
179 5.5116e+00 9.0829e+00 1.4103e-01 1.7135e+00 7.2283e+00
180 5.4511e+00 8.7529e+00 1.1494e-01 1.7130e+00 6.9250e+00
181 5.4370e+00 9.1881e+00 9.8563e-02 1.5786e+00 7.5109e+00
182 5.4511e+00 1.0185e+01 7.8981e-02 1.4396e+00 8.6663e+00
183 5.4448e+00 9.0631e+00 8.7755e-02 1.6601e+00 7.3152e+00
184 5.3878e+00 8.6874e+00 1.1682e-01 1.7074e+00 6.8633e+00
185 5.3694e+00 9.2905e+00 9.3182e-02 1.5340e+00 7.6633e+00
186 5.4484e+00 9.3272e+00 1.4796e-01 1.4815e+00 7.6977e+00
187 5.4876e+00 8.8944e+00 1.4755e-01 1.5676e+00 7.1793e+00
188 5.3876e+00 8.7419e+00 1.2359e-01 1.8213e+00 6.7969e+00
189 5.5205e+00 9.3918e+00 1.5194e-01 1.6559e+00 7.5840e+00
190 5.4305e+00 8.8968e+00 1.1364e-01 1.5466e+00 7.2366e+00
191 5.5127e+00 9.2455e+00 1.0541e-01 1.5291e+00 7.6110e+00
192 5.4854e+00 8.7275e+00 1.0629e-01 1.4563e+00 7.1650e+00
193 5.4745e+00 8.5639e+00 1.4959e-01 1.3707e+00 7.0436e+00
194 5.4387e+00 8.5109e+00 1.7682e-01 1.6402e+00 6.6939e+00
195 5.5728e+00 9.3897e+00 1.5617e-01 1.4609e+00 7.7726e+00
196 5.5615e+00 9.2944e+00 1.0272e-01 1.5334e+00 7.6583e+00
197 5.3822e+00 8.9657e+00 1.4299e-01 1.5388e+00 7.2839e+00
198 5.5154e+00 9.0893e+00 9.9127e-02 1.7275e+00 7.2627e+00
199 5.5160e+00 9.3784e+00 1.6267e-01 1.5336e+00 7.6821e+00
200 5.5867e+00 8.5237e+00 1.3926e-01 1.7572e+00 6.6272e+00
201 5.5227e+00 8.9382e+00 9.0429e-02 1.6542e+00 7.1936e+00
202 5.4795e+00 8.7245e+00 1.4373e-01 1.5658e+00 7.0149e+00
203 5.4295e+00 9.0985e+00 1.2338e-01 1.6947e+00 7.2804e+00
204 5.4755e+00 8.9507e+00 1.3262e-01 1.5262e+00 7.2919e+00
205 5.4604e+00 9.0792e+00 8.5071e-02 1.7114e+00 7.2828e+00
206 5.5157e+00 8.2816e+00 1.1343e-01 2.0537e+00 6.1144e+00
207 5.5384e+00 8.3472e+00 1.1210e-01 1.6356e+00 6.5995e+00
208 5.4881e+00 9.3397e+00 9.5062e-02 1.4121e+00 7.8325e+00
209 5.5681e+00 8.5995e+00 1.1137e-01 1.4987e+00 6.9895e+00
210 5.3980e+00 8.9941e+00 1.2615e-01 1.6027e+00 7.2652e+00
211 5.5473e+00 8.6087e+00 1.0346e-01 1.6797e+00 6.8255e+00
212 5.4642e+00 8.5919e+00 1.3415e-01 2.1552e+00 6.3025e+00
213 5.4696e+00 8.6615e+00 1.0551e-01 1.9392e+00 6.6168e+00
214 5.3538e+00 8.6261e+00 1.0281e-01 1.7764e+00 6.7470e+00
215 5.4286e+00 8.6802e+00 1.1923e-01 1.5543e+00 7.0067e+00
216 5.5667e+00 8.7947e+00 1.1792e-01 1.5069e+00 7.1699e+00
217 5.3677e+00 9.2856e+00 8.6978e-02 1.4544e+00 7.7443e+00
218 5.5024e+00 9.1914e+00 9.6338e-02 1.2979e+00 7.7971e+00
219 5.4767e+00 9.3042e+00 1.0949e-01 1.5162e+00 7.6785e+00
220 5.3905e+00 9.1362e+00 1.0052e-01 1.5623e+00 7.4733e+00
221 5.4895e+00 9.0161e+00 1.2195e-01 1.5736e+00 7.3205e+00
222 5.3423e+00 9.3807e+00 1.1821e-01 1.5598e+00 7.7028e+00
223 5.4796e+00 9.2189e+00 9.1393e-02 1.8456e+00 7.2819e+00
224 5.4427e+00 8.8791e+00 1.3296e-01 1.7495e+00 6.9966e+00
225 5.4161e+00 9.2292e+00 1.1658e-01 1.4719e+00 7.6407e+00
226 5.5408e+00 1.0138e+01 1.1319e-01 1.2032e+00 8.8217e+00
227 5.5398e+00 9.3757e+00 9.7805e-02 1.3473e+00 7.9306e+00
228 5.4825e+00 9.4056e+00 1.2068e-01 1.6348e+00 7.6501e+00
229 5.4291e+00 9.3042e+00 1.1418e-01 1.5349e+00 7.6552e+00
230 5.3657e+00 8.7050e+00 1.1289e-01 1.8703e+00 6.7218e+00
231 5.4046e+00 8.9217e+00 1.0992e-01 1.9165e+00 6.8953e+00
232 5.4749e+00 8.9373e+00 1.1299e-01 1.9098e+00 6.9145e+00
233 5.4542e+00 9.3137e+00 1.1310e-01 1.5821e+00 7.6184e+00
234 5.5656e+00 8.9859e+00 1.3479e-01 1.7086e+00 7.1425e+00
235 5.5281e+00 1.0288e+01 1.1003e-01 1.4545e+00 8.7237e+00
236 5.5147e+00 8.6963e+00 1.3901e-01 1.6337e+00 6.9235e+00
237 5.4516e+00 9.1567e+00 1.1577e-01 1.5404e+00 7.5006e+00
238 5.5006e+00 9.3553e+00 1.1579e-01 1.4660e+00 7.7734e+00
239 5.4341e+00 9.2331e+00 1.1790e-01 1.5376e+00 7.5776e+00
240 5.4620e+00 9.5693e+00 9.2762e-02 1.4396e+00 8.0369e+00
241 5.4730e+00 9.0103e+00 1.2537e-01 1.5173e+00 7.3677e+00
242 5.4071e+00 9.3113e+00 1.3297e-01 1.5115e+00 7.6668e+00
243 5.5324e+00 8.3655e+00 8.8204e-02 1.9984e+00 6.2788e+00
244 5.3822e+00 8.3141e+00 1.1173e-01 2.0741e+00 6.1283e+00
245 5.4751e+00 8.8245e+00 1.1757e-01 1.7481e+00 6.9588e+00
246 5.4633e+00 9.1515e+00 1.2728e-01 1.4824e+00 7.5417e+00
247 5.3616e+00 8.8554e+00 1.0191e-01 1.5556e+00 7.1980e+00
248 5.4182e+00 8.4860e+00 1.3771e-01 1.7803e+00 6.5680e+00
249 5.5032e+00 9.0457e+00 9.3507e-02 1.5547e+00 7.3975e+00
250 5.4864e+00 9.3038e+00 1.1630e-01 1.5762e+00 7.6113e+00
251 5.4362e+00 8.7426e+00 1.1483e-01 1.5720e+00 7.0558e+00
252 5.4382e+00 8.5107e+00 9.3835e-02 1.5763e+00 6.8405e+00
253 5.4189e+00 8.6293e+00 9.8211e-02 1.3607e+00 7.1704e+00
254 5.4132e+00 9.0414e+00 1.0185e-01 1.4671e+00 7.4725e+00
255 5.4388e+00 9.7718e+00 1.1282e-01 1.2864e+00 8.3725e+00
256 5.3807e+00 9.8855e+00 1.0334e-01 1.2051e+00 8.5770e+00
257 5.4034e+00 9.3381e+00 1.2145e-01 1.4621e+00 7.7545e+00
258 5.4980e+00 8.6400e+00 1.4136e-01 1.6298e+00 6.8688e+00
259 5.4722e+00 8.6479e+00 9.4699e-02 1.6273e+00 6.9258e+00
260 5.4617e+00 8.9844e+00 1.7100e-01 1.4949e+00 7.3185e+00
261 5.4732e+00 9.6324e+00 1.1729e-01 1.3702e+00 8.1450e+00
262 5.4313e+00 9.7090e+00 1.1723e-01 1.4512e+00 8.1405e+00
263 5.4394e+00 9.5284e+00 1.2208e-01 1.4766e+00 7.9296e+00
264 5.5316e+00 9.6581e+00 1.0478e-01 1.2617e+00 8.2916e+00
265 5.4899e+00 8.7427e+00 1.2149e-01 1.7695e+00 6.8517e+00
266 5.4694e+00 8.3398e+00 1.1601e-01 1.9870e+00 6.2368e+00
267 5.4912e+00 9.0700e+00 1.1782e-01 1.6768e+00 7.2754e+00
268 5.4152e+00 8.9563e+00 1.1068e-01 1.6722e+00 7.1734e+00
269 5.4574e+00 9.1881e+00 1.4120e-01 1.3745e+00 7.6724e+00
270 5.4152e+00 9.1245e+00 1.2367e-01 1.5179e+00 7.4830e+00
271 5.3079e+00 8.8803e+00 7.7825e-02 1.5492e+00 7.2533e+00
272 5.5690e+00 8.7774e+00 9.8853e-02 1.4518e+00 7.2268e+00
273 5.5549e+00 8.4343e+00 1.2583e-01 1.7715e+00 6.5369e+00
274 5.4518e+00 8.7568e+00 9.8358e-02 1.5020e+00 7.1564e+00
275 5.4928e+00 8.6546e+00 1.2471e-01 1.7129e+00 6.8170e+00
276 5.4688e+00 8.8134e+00 1.2105e-01 1.4747e+00 7.2177e+00
277 5.4828e+00 8.2928e+00 1.4030e-01 1.7731e+00 6.3793e+00
278 5.4275e+00 8.3512e+00 9.7666e-02 2.0253e+00 6.2282e+00
279 5.5154e+00 8.7092e+00 1.0795e-01 1.6995e+00 6.9017e+00
280 5.4129e+00 8.3876e+00 7.9514e-02 1.9575e+00 6.3505e+00
281 5.5470e+00 8.9718e+00 1.0609e-01 1.5383e+00 7.3274e+00
282 5.4655e+00 1.0085e+01 1.1555e-01 1.4175e+00 8.5516e+00
283 5.4004e+00 9.5781e+00 1.0327e-01 1.5046e+00 7.9702e+00
284 5.4883e+00 9.5710e+00 1.1256e-01 1.3094e+00 8.1490e+00
285 5.5657e+00 9.2283e+00 1.5271e-01 1.5429e+00 7.5327e+00
286 5.3630e+00 8.9586e+00 9.2114e-02 1.4777e+00 7.3888e+00
287 5.4866e+00 9.6560e+00 9.5166e-02 1.4310e+00 8.1298e+00
288 5.3893e+00 9.3333e+00 1.2643e-01 1.5947e+00 7.6122e+00
289 5.4730e+00 9.1242e+00 1.0560e-01 1.6471e+00 7.3715e+00
290 5.4865e+00 8.9333e+00 1.2586e-01 1.6198e+00 7.1877e+00
291 5.4429e+00 8.3761e+00 1.0032e-01 1.7107e+00 6.5650e+00
292 5.5408e+00 8.7508e+00 1.5232e-01 1.5151e+00 7.0835e+00
293 5.5373e+00 8.4562e+00 1.5474e-01 1.6713e+00 6.6302e+00
294 5.5961e+00 8.4919e+00 1.2790e-01 1.7418e+00 6.6222e+00
295 5.4354e+00 8.6377e+00 1.3471e-01 1.5825e+00 6.9205e+00
296 5.5352e+00 8.8218e+00 1.4423e-01 1.5773e+00 7.1003e+00
297 5.4645e+00 9.9867e+00 1.4751e-01 1.1782e+00 8.6610e+00
298 5.4547e+00 9.1011e+00 9.5582e-02 1.5009e+00 7.5046e+00
299 5.4791e+00 8.5876e+00 1.2695e-01 1.8960e+00 6.5647e+00
